Message stats for scenario FadToSinkBS400kMT30,31
sim_time: 341042.0000
created: 10001
started: 217334
relayed: 216481
aborted: 853
dropped: 125029
removed: 91580
delivered: 8431
delivery_prob: 0.8430
response_prob: 0.0000
overhead_ratio: 24.6768
latency_avg: 14402.6057
latency_med: 6912.0000
hopcount_avg: 2.9840
hopcount_med: 3
copies_avg: 6.741525847415258
total_copies_avg: 21.802919708029197
buffertime_avg: 3166.4835
buffertime_med: 393.0000
custodiantime_avg: 72588.5087
rtt_avg: NaN
rtt_med: NaN
