Message stats for scenario ZFadToFadSinkBS4kMT10,11
sim_time: 341042.0000
created: 25001
started: 152236
relayed: 150456
aborted: 628
dropped: 104605
removed: 57103
delivered: 12443
delivery_prob: 0.4977
response_prob: 0.0000
overhead_ratio: 11.0916
latency_avg: 5328.3999
latency_med: 745.0000
hopcount_avg: 2.5074
hopcount_med: 2
copies_avg: 3.571012203094356
total_copies_avg: 4.438930050119851
buffertime_avg: 2295.5053
buffertime_med: 373.0000
custodiantime_avg: 8543.5824
rtt_avg: NaN
rtt_med: NaN
