Message stats for scenario FadToSinkBS4kMT60,62
sim_time: 341042.0000
created: 4960
started: 346527
relayed: 345310
aborted: 1217
dropped: 187051
removed: 158350
delivered: 4025
delivery_prob: 0.8115
response_prob: 0.0000
overhead_ratio: 84.7913
latency_avg: 12880.7655
latency_med: 5344.0000
hopcount_avg: 3.3314
hopcount_med: 3
copies_avg: 8.415725806451613
total_copies_avg: 69.80745967741936
buffertime_avg: 1033.8319
buffertime_med: 24.0000
custodiantime_avg: 75718.1054
rtt_avg: NaN
rtt_med: NaN
