Message stats for scenario FtFadToFadSinkBS2kMT60,61
sim_time: 341042.0000
created: 5001
started: 94676
relayed: 94247
aborted: 429
dropped: 52287
removed: 42760
delivered: 3805
delivery_prob: 0.7608
response_prob: 0.0000
overhead_ratio: 23.7693
latency_avg: 11518.5811
latency_med: 4404.0000
hopcount_avg: 2.9296
hopcount_med: 3
copies_avg: 5.505098980203959
total_copies_avg: 19.084783043391322
buffertime_avg: 1925.4745
buffertime_med: 117.0000
custodiantime_avg: 37882.5458
rtt_avg: NaN
rtt_med: NaN
