Message stats for scenario LWFadToFadSinkBS8kMT30,31
sim_time: 341042.0000
created: 10001
started: 231261
relayed: 231197
aborted: 64
dropped: 216086
removed: 16719
delivered: 5581
delivery_prob: 0.5580
response_prob: 0.0000
overhead_ratio: 40.4257
latency_avg: 8060.0032
latency_med: 6591.0000
hopcount_avg: 3.4693
hopcount_med: 3
copies_avg: 14.436156384361563
total_copies_avg: 23.55934406559344
buffertime_avg: 4081.2016
buffertime_med: 2862.0000
custodiantime_avg: 94851.1660
rtt_avg: NaN
rtt_med: NaN
