Message stats for scenario LWFadToSinkBS8kMT30,31
sim_time: 341042.0000
created: 10001
started: 249030
relayed: 248930
aborted: 98
dropped: 229813
removed: 20269
delivered: 5936
delivery_prob: 0.5935
response_prob: 0.0000
overhead_ratio: 40.9356
latency_avg: 7449.8942
latency_med: 6245.0000
hopcount_avg: 3.5581
hopcount_med: 3
copies_avg: 14.626337366263373
total_copies_avg: 25.296970302969704
buffertime_avg: 3869.3519
buffertime_med: 2680.0000
custodiantime_avg: 96755.8495
rtt_avg: NaN
rtt_med: NaN
