Message stats for scenario FadToSinkBS2kMT120,121
sim_time: 341042.0000
created: 2501
started: 81670
relayed: 81266
aborted: 404
dropped: 41401
removed: 39817
delivered: 2142
delivery_prob: 0.8565
response_prob: 0.0000
overhead_ratio: 36.9393
latency_avg: 13609.7918
latency_med: 6384.0000
hopcount_avg: 3.0187
hopcount_med: 3
copies_avg: 6.423030787684926
total_copies_avg: 32.63694522191123
buffertime_avg: 2004.3971
buffertime_med: 83.0000
custodiantime_avg: 68400.4706
rtt_avg: NaN
rtt_med: NaN
