Message stats for scenario FadToSinkBS4kMT30,31
sim_time: 341042.0000
created: 10001
started: 125478
relayed: 124930
aborted: 548
dropped: 73149
removed: 53574
delivered: 7436
delivery_prob: 0.7435
response_prob: 0.0000
overhead_ratio: 15.8007
latency_avg: 11694.8429
latency_med: 4704.0000
hopcount_avg: 2.7663
hopcount_med: 2
copies_avg: 5.137786221377862
total_copies_avg: 12.748225177482253
buffertime_avg: 2919.0978
buffertime_med: 367.0000
custodiantime_avg: 38242.2035
rtt_avg: NaN
rtt_med: NaN
