Message stats for scenario ZFadToSinkBS1kMT60,61
sim_time: 341042.0000
created: 5001
started: 84064
relayed: 83679
aborted: 385
dropped: 45590
removed: 39820
delivered: 3048
delivery_prob: 0.6095
response_prob: 0.0000
overhead_ratio: 26.4537
latency_avg: 7869.1145
latency_med: 1657.0000
hopcount_avg: 2.8527
hopcount_med: 3
copies_avg: 4.51749650069986
total_copies_avg: 17.122975404919018
buffertime_avg: 1161.0269
buffertime_med: 16.0000
custodiantime_avg: 20216.7798
rtt_avg: NaN
rtt_med: NaN
