Message stats for scenario ZZFadToFadSinkBS8kMT60,61
sim_time: 341042.0000
created: 5001
started: 91193
relayed: 90734
aborted: 459
dropped: 25978
removed: 63793
delivered: 4638
delivery_prob: 0.9274
response_prob: 0.0000
overhead_ratio: 18.5632
latency_avg: 18313.6703
latency_med: 10773.0000
hopcount_avg: 2.2260
hopcount_med: 2
copies_avg: 5.098980203959208
total_copies_avg: 18.215756848630274
buffertime_avg: 6227.4747
buffertime_med: 19.0000
custodiantime_avg: 119454.4085
rtt_avg: NaN
rtt_med: NaN
