Message stats for scenario FadBS10kTS25k
sim_time: 341042.0000
created: 2502
started: 24331
relayed: 24150
aborted: 181
dropped: 10858
removed: 14975
delivered: 819
delivery_prob: 0.3273
response_prob: 0.0000
overhead_ratio: 28.4872
latency_avg: 1916.1087
latency_med: 959.0000
hopcount_avg: 2.9328
hopcount_med: 3
copies_avg: 3.662669864108713
total_copies_avg: 10.324940047961631
buffertime_avg: 2392.5729
buffertime_med: 497.0000
custodiantime_avg: 24703.1719
rtt_avg: NaN
rtt_med: NaN
