Message stats for scenario FuzzySprayBS1kTS25k
sim_time: 341042.0000
created: 2502
started: 2384780
relayed: 2378498
aborted: 6282
dropped: 2348888
removed: 31220
delivered: 586
delivery_prob: 0.2342
response_prob: 0.0000
overhead_ratio: 4057.8703
latency_avg: 2213.8020
latency_med: 1631.0000
hopcount_avg: 3.2321
hopcount_med: 3
copies_avg: 441.7569944044764
total_copies_avg: 951.4044764188649
buffertime_avg: 31.5086
buffertime_med: 0.0000
custodiantime_avg: 29973.5651
rtt_avg: NaN
rtt_med: NaN
