Message stats for scenario ProphetBS100kTS25k
sim_time: 341042.0000
created: 2502
started: 1362268
relayed: 1357611
aborted: 4657
dropped: 47180
removed: 1311571
delivered: 962
delivery_prob: 0.3845
response_prob: 0.0000
overhead_ratio: 1410.2380
latency_avg: 1776.5198
latency_med: 761.0000
hopcount_avg: 3.7588
hopcount_med: 4
copies_avg: 9.560751398880896
total_copies_avg: 543.2258193445243
buffertime_avg: 177.7179
buffertime_med: 1.0000
custodiantime_avg: 96512.5220
rtt_avg: NaN
rtt_med: NaN
