Message stats for scenario ProphetBS1kTS25k
sim_time: 341042.0000
created: 2502
started: 1397187
relayed: 1392434
aborted: 4753
dropped: 1229575
removed: 164489
delivered: 625
delivery_prob: 0.2498
response_prob: 0.0000
overhead_ratio: 2226.8944
latency_avg: 1950.1360
latency_med: 1053.0000
hopcount_avg: 3.8880
hopcount_med: 3
copies_avg: 147.33013589128697
total_copies_avg: 557.2785771382894
buffertime_avg: 40.1619
buffertime_med: 6.0000
custodiantime_avg: 22377.4225
rtt_avg: NaN
rtt_med: NaN
