Message stats for scenario ProphetBS10kTS25k
sim_time: 341042.0000
created: 2502
started: 1364409
relayed: 1359771
aborted: 4638
dropped: 47276
removed: 1313628
delivered: 962
delivery_prob: 0.3845
response_prob: 0.0000
overhead_ratio: 1412.4834
latency_avg: 1765.2744
latency_med: 772.0000
hopcount_avg: 3.7547
hopcount_med: 4
copies_avg: 9.513988808952838
total_copies_avg: 544.0891286970424
buffertime_avg: 177.9456
buffertime_med: 1.0000
custodiantime_avg: 96789.3054
rtt_avg: NaN
rtt_med: NaN
