Message stats for scenario ProphetBS50kTS25k
sim_time: 341042.0000
created: 2502
started: 1365729
relayed: 1361133
aborted: 4596
dropped: 47241
removed: 1315040
delivered: 963
delivery_prob: 0.3849
response_prob: 0.0000
overhead_ratio: 1412.4299
latency_avg: 1776.3364
latency_med: 778.0000
hopcount_avg: 3.7186
hopcount_med: 3
copies_avg: 9.49560351718625
total_copies_avg: 544.6330935251799
buffertime_avg: 177.7133
buffertime_med: 1.0000
custodiantime_avg: 96760.7718
rtt_avg: NaN
rtt_med: NaN
