Message stats for scenario RapidBS10kTS25k
sim_time: 341042.0000
created: 2502
started: 1366894
relayed: 1361678
aborted: 5216
dropped: 27721
removed: 1335467
delivered: 961
delivery_prob: 0.3841
response_prob: 0.0000
overhead_ratio: 1415.9386
latency_avg: 1766.5869
latency_med: 733.0000
hopcount_avg: 4.3621
hopcount_med: 4
copies_avg: 16.4912070343725
total_copies_avg: 544.8517186250999
buffertime_avg: 145.4952
buffertime_med: 24.0000
custodiantime_avg: 79271.5152
rtt_avg: NaN
rtt_med: NaN
