Message stats for scenario RapidBS1kTS25k
sim_time: 341042.0000
created: 2502
started: 1278662
relayed: 1273994
aborted: 4668
dropped: 905177
removed: 370786
delivered: 417
delivery_prob: 0.1667
response_prob: 0.0000
overhead_ratio: 3054.1415
latency_avg: 2080.0120
latency_med: 1204.0000
hopcount_avg: 14.4460
hopcount_med: 6
copies_avg: 170.25379696243004
total_copies_avg: 510.02358113509194
buffertime_avg: 55.4458
buffertime_med: 13.0000
custodiantime_avg: 28276.1099
rtt_avg: NaN
rtt_med: NaN
