Message stats for scenario EpidemicBS101kTS256k
sim_time: 341042.0000
created: 928
started: 243807
relayed: 243038
aborted: 769
dropped: 86758
removed: 157993
delivered: 107
delivery_prob: 0.1153
response_prob: 0.0000
overhead_ratio: 2270.3832
latency_avg: 230.7290
latency_med: 15.0000
hopcount_avg: 7.0748
hopcount_med: 4
copies_avg: 12.510775862068966
total_copies_avg: 262.7790948275862
buffertime_avg: 437.3611
buffertime_med: 6.0000
custodiantime_avg: 115349.7543
rtt_avg: NaN
rtt_med: NaN
