Message stats for scenario EpidemicBS21kTS256k
sim_time: 341042.0000
created: 928
started: 236845
relayed: 235958
aborted: 887
dropped: 107816
removed: 129846
delivered: 74
delivery_prob: 0.0797
response_prob: 0.0000
overhead_ratio: 3187.6216
latency_avg: 68.2432
latency_med: 8.0000
hopcount_avg: 4.3108
hopcount_med: 3
copies_avg: 10.438577586206897
total_copies_avg: 255.18534482758622
buffertime_avg: 396.4202
buffertime_med: 1.0000
custodiantime_avg: 101523.7252
rtt_avg: NaN
rtt_med: NaN
