Message stats for scenario FadBS51kTS256k
sim_time: 341042.0000
created: 928
started: 2052
relayed: 2031
aborted: 21
dropped: 1942
removed: 1775
delivered: 170
delivery_prob: 0.1832
response_prob: 0.0000
overhead_ratio: 10.9471
latency_avg: 509.6353
latency_med: 134.0000
hopcount_avg: 3.7412
hopcount_med: 4
copies_avg: 1.8308189655172413
total_copies_avg: 3.0053879310344827
buffertime_avg: 24895.9836
buffertime_med: 2795.0000
custodiantime_avg: 99718.0722
rtt_avg: NaN
rtt_med: NaN
