Message stats for scenario FadBS501kTS256k
sim_time: 341042.0000
created: 928
started: 2254
relayed: 2229
aborted: 25
dropped: 1830
removed: 2074
delivered: 181
delivery_prob: 0.1950
response_prob: 0.0000
overhead_ratio: 11.3149
latency_avg: 555.9834
latency_med: 158.0000
hopcount_avg: 3.8729
hopcount_med: 4
copies_avg: 1.8071120689655173
total_copies_avg: 3.206896551724138
buffertime_avg: 24473.6007
buffertime_med: 5909.0000
custodiantime_avg: 102957.9063
rtt_avg: NaN
rtt_med: NaN
