Message stats for scenario FuzzySprayBS101kTS256k
sim_time: 341042.0000
created: 928
started: 290388
relayed: 289576
aborted: 812
dropped: 133611
removed: 157618
delivered: 119
delivery_prob: 0.1282
response_prob: 0.0000
overhead_ratio: 2432.4118
latency_avg: 351.8992
latency_med: 16.0000
hopcount_avg: 4.3782
hopcount_med: 4
copies_avg: 16.11853448275862
total_copies_avg: 312.9148706896552
buffertime_avg: 367.0175
buffertime_med: 1.0000
custodiantime_avg: 115179.0248
rtt_avg: NaN
rtt_med: NaN
