Message stats for scenario FuzzySprayBS51kTS256k
sim_time: 341042.0000
created: 928
started: 271513
relayed: 270721
aborted: 792
dropped: 125509
removed: 146871
delivered: 95
delivery_prob: 0.1024
response_prob: 0.0000
overhead_ratio: 2848.6947
latency_avg: 267.2947
latency_med: 12.0000
hopcount_avg: 4.1474
hopcount_med: 3
copies_avg: 10.189655172413794
total_copies_avg: 292.6228448275862
buffertime_avg: 366.3413
buffertime_med: 1.0000
custodiantime_avg: 107525.9063
rtt_avg: NaN
rtt_med: NaN
