Message stats for scenario FuzzySprayBS501kTS256k
sim_time: 341042.0000
created: 928
started: 181653
relayed: 181094
aborted: 559
dropped: 8896
removed: 173813
delivered: 187
delivery_prob: 0.2015
response_prob: 0.0000
overhead_ratio: 967.4171
latency_avg: 247.3102
latency_med: 33.0000
hopcount_avg: 5.2299
hopcount_med: 5
copies_avg: 6.338362068965517
total_copies_avg: 195.94288793103448
buffertime_avg: 711.7400
buffertime_med: 4.0000
custodiantime_avg: 140130.7241
rtt_avg: NaN
rtt_med: NaN
