Message stats for scenario FuzzySprayBS21kTS256k
sim_time: 341042.0000
created: 928
started: 217995
relayed: 217265
aborted: 730
dropped: 92774
removed: 126195
delivered: 76
delivery_prob: 0.0819
response_prob: 0.0000
overhead_ratio: 2857.7500
latency_avg: 146.2237
latency_med: 8.0000
hopcount_avg: 7.4211
hopcount_med: 3
copies_avg: 19.28448275862069
total_copies_avg: 235.02155172413794
buffertime_avg: 430.1066
buffertime_med: 0.0000
custodiantime_avg: 101487.0744
rtt_avg: NaN
rtt_med: NaN
