Message stats for scenario ProphetBS21kTS256k
sim_time: 341042.0000
created: 928
started: 228272
relayed: 227477
aborted: 795
dropped: 147007
removed: 82187
delivered: 95
delivery_prob: 0.1024
response_prob: 0.0000
overhead_ratio: 2393.4947
latency_avg: 226.1895
latency_med: 42.0000
hopcount_avg: 3.5895
hopcount_med: 3
copies_avg: 12.450431034482758
total_copies_avg: 246.02370689655172
buffertime_avg: 406.7669
buffertime_med: 1.0000
custodiantime_avg: 100461.7920
rtt_avg: NaN
rtt_med: NaN
