Message stats for scenario ProphetBS501kTS256k
sim_time: 341042.0000
created: 928
started: 117044
relayed: 116616
aborted: 428
dropped: 6305
removed: 111970
delivered: 180
delivery_prob: 0.1940
response_prob: 0.0000
overhead_ratio: 646.8667
latency_avg: 386.4389
latency_med: 89.0000
hopcount_avg: 4.4000
hopcount_med: 4
copies_avg: 3.622844827586207
total_copies_avg: 126.46982758620689
buffertime_avg: 983.0493
buffertime_med: 3.0000
custodiantime_avg: 125291.1164
rtt_avg: NaN
rtt_med: NaN
