Message stats for scenario RapidBS21kTS256k
sim_time: 341042.0000
created: 928
started: 158652
relayed: 158002
aborted: 650
dropped: 57018
removed: 102731
delivered: 92
delivery_prob: 0.0991
response_prob: 0.0000
overhead_ratio: 1716.4130
latency_avg: 252.5109
latency_med: 10.0000
hopcount_avg: 4.4891
hopcount_med: 3
copies_avg: 7.612068965517241
total_copies_avg: 171.16163793103448
buffertime_avg: 579.6989
buffertime_med: 1.0000
custodiantime_avg: 99791.2920
rtt_avg: NaN
rtt_med: NaN
