Message stats for scenario ScarBS101kTS256k
sim_time: 341042.0000
created: 928
started: 1481
relayed: 1466
aborted: 15
dropped: 835
removed: 2307
delivered: 180
delivery_prob: 0.1940
response_prob: 0.0000
overhead_ratio: 7.1444
latency_avg: 465.8389
latency_med: 82.0000
hopcount_avg: 3.6667
hopcount_med: 4
copies_avg: 1.3728448275862069
total_copies_avg: 1.6303879310344827
buffertime_avg: 28916.1232
buffertime_med: 4227.0000
custodiantime_avg: 97903.5119
rtt_avg: NaN
rtt_med: NaN
