Message stats for scenario FadBS51kTS256k
sim_time: 341042.0000
created: 928
started: 10327
relayed: 10248
aborted: 79
dropped: 4876
removed: 6464
delivered: 716
delivery_prob: 0.7716
response_prob: 0.0000
overhead_ratio: 13.3128
latency_avg: 3916.8841
latency_med: 344.0000
hopcount_avg: 3.8855
hopcount_med: 4
copies_avg: 4.162715517241379
total_copies_avg: 11.27155172413793
buffertime_avg: 11738.7143
buffertime_med: 245.0000
custodiantime_avg: 143445.0647
rtt_avg: NaN
rtt_med: NaN
