Message stats for scenario FadBS21kTS256k
sim_time: 341042.0000
created: 928
started: 8630
relayed: 8564
aborted: 66
dropped: 4762
removed: 5009
delivered: 623
delivery_prob: 0.6713
response_prob: 0.0000
overhead_ratio: 12.7464
latency_avg: 2901.6324
latency_med: 218.0000
hopcount_avg: 3.9165
hopcount_med: 4
copies_avg: 3.8071120689655173
total_copies_avg: 9.55280172413793
buffertime_avg: 11297.9938
buffertime_med: 118.0000
custodiantime_avg: 118957.6476
rtt_avg: NaN
rtt_med: NaN
