Message stats for scenario FuzzySprayBS21kTS256k
sim_time: 341042.0000
created: 928
started: 853251
relayed: 850437
aborted: 2814
dropped: 424970
removed: 426778
delivered: 186
delivery_prob: 0.2004
response_prob: 0.0000
overhead_ratio: 4571.2419
latency_avg: 1643.0538
latency_med: 24.0000
hopcount_avg: 6.9785
hopcount_med: 3
copies_avg: 80.91702586206897
total_copies_avg: 917.15625
buffertime_avg: 152.6677
buffertime_med: 1.0000
custodiantime_avg: 140123.3265
rtt_avg: NaN
rtt_med: NaN
