Message stats for scenario FuzzySprayBS51kTS256k
sim_time: 341042.0000
created: 928
started: 1113711
relayed: 1110391
aborted: 3320
dropped: 614187
removed: 497366
delivered: 196
delivery_prob: 0.2112
response_prob: 0.0000
overhead_ratio: 5664.2602
latency_avg: 2974.0408
latency_med: 121.0000
hopcount_avg: 4.8827
hopcount_med: 3
copies_avg: 33.2198275862069
total_copies_avg: 1197.3308189655172
buffertime_avg: 166.3315
buffertime_med: 1.0000
custodiantime_avg: 199230.9353
rtt_avg: NaN
rtt_med: NaN
