Message stats for scenario FuzzySprayBS501kTS256k
sim_time: 341042.0000
created: 928
started: 1410003
relayed: 1406555
aborted: 3448
dropped: 765092
removed: 641179
delivered: 445
delivery_prob: 0.4795
response_prob: 0.0000
overhead_ratio: 3159.7978
latency_avg: 3353.3461
latency_med: 510.0000
hopcount_avg: 4.4652
hopcount_med: 4
copies_avg: 29.330818965517242
total_copies_avg: 1516.2047413793102
buffertime_avg: 649.4264
buffertime_med: 1.0000
custodiantime_avg: 984126.6638
rtt_avg: NaN
rtt_med: NaN
