Message stats for scenario MaxPropBS101kTS256k
sim_time: 341042.0000
created: 928
started: 860035
relayed: 856533
aborted: 3502
dropped: 304175
removed: 553288
delivered: 759
delivery_prob: 0.8179
response_prob: 0.0000
overhead_ratio: 1127.5020
latency_avg: 2610.7839
latency_med: 132.0000
hopcount_avg: 5.2477
hopcount_med: 5
copies_avg: 92.78771551724138
total_copies_avg: 923.1702586206897
buffertime_avg: 224.8783
buffertime_med: 1.0000
custodiantime_avg: 207785.3804
rtt_avg: NaN
rtt_med: NaN
