Message stats for scenario RapidBS21kTS256k
sim_time: 341042.0000
created: 928
started: 849552
relayed: 845854
aborted: 3698
dropped: 508532
removed: 338757
delivered: 315
delivery_prob: 0.3394
response_prob: 0.0000
overhead_ratio: 2684.2508
latency_avg: 2571.8476
latency_med: 208.0000
hopcount_avg: 15.2540
hopcount_med: 4
copies_avg: 133.9094827586207
total_copies_avg: 912.1411637931035
buffertime_avg: 129.8163
buffertime_med: 2.0000
custodiantime_avg: 118525.7489
rtt_avg: NaN
rtt_med: NaN
