Message stats for scenario ScarBS51kTS256k
sim_time: 341042.0000
created: 928
started: 6639
relayed: 6602
aborted: 37
dropped: 487
removed: 7219
delivered: 752
delivery_prob: 0.8103
response_prob: 0.0000
overhead_ratio: 7.7793
latency_avg: 4712.5572
latency_med: 384.0000
hopcount_avg: 4.2806
hopcount_med: 4
copies_avg: 2.4224137931034484
total_copies_avg: 3.5581896551724137
buffertime_avg: 12710.9421
buffertime_med: 18.0000
custodiantime_avg: 105550.1293
rtt_avg: NaN
rtt_med: NaN
