Message stats for scenario ScarBS101kTS256k
sim_time: 341042.0000
created: 928
started: 7065
relayed: 7028
aborted: 37
dropped: 311
removed: 7817
delivered: 756
delivery_prob: 0.8147
response_prob: 0.0000
overhead_ratio: 8.2963
latency_avg: 4084.6019
latency_med: 385.0000
hopcount_avg: 4.0066
hopcount_med: 4
copies_avg: 2.447198275862069
total_copies_avg: 3.617456896551724
buffertime_avg: 12210.4205
buffertime_med: 60.0000
custodiantime_avg: 106946.4418
rtt_avg: NaN
rtt_med: NaN
