Message stats for scenario SprayAndWaitBS101kTS256k
sim_time: 341042.0000
created: 928
started: 2800
relayed: 2749
aborted: 51
dropped: 1187
removed: 2683
delivered: 688
delivery_prob: 0.7414
response_prob: 0.0000
overhead_ratio: 2.9956
latency_avg: 11022.7994
latency_med: 1773.0000
hopcount_avg: 3.0392
hopcount_med: 3
copies_avg: 3.101293103448276
total_copies_avg: 3.220905172413793
buffertime_avg: 36958.7527
buffertime_med: 17057.0000
custodiantime_avg: 154127.5571
rtt_avg: NaN
rtt_med: NaN
