Message stats for scenario FadToSinkBS4kMT30,31
sim_time: 341042.0000
created: 10001
started: 196176
relayed: 195400
aborted: 776
dropped: 117774
removed: 79408
delivered: 7380
delivery_prob: 0.7379
response_prob: 0.0000
overhead_ratio: 25.4770
latency_avg: 11337.0846
latency_med: 4390.0000
hopcount_avg: 2.9875
hopcount_med: 3
copies_avg: 6.224777522247775
total_copies_avg: 19.8001199880012
buffertime_avg: 1911.4426
buffertime_med: 187.0000
custodiantime_avg: 39069.3548
rtt_avg: NaN
rtt_med: NaN
