Message stats for scenario FadToFadSinkBS4kMT30,31
sim_time: 341042.0000
created: 10001
started: 205397
relayed: 204513
aborted: 743
dropped: 128224
removed: 75549
delivered: 7378
delivery_prob: 0.7377
response_prob: 0.0000
overhead_ratio: 26.7193
latency_avg: 11717.7615
latency_med: 4528.0000
hopcount_avg: 2.9909
hopcount_med: 3
copies_avg: 7.04148966298499
total_copies_avg: 9.77470971396205
buffertime_avg: 1839.0924
buffertime_med: 159.0000
custodiantime_avg: 14614.9821
rtt_avg: NaN
rtt_med: NaN
