Message stats for scenario FadBS1kMT240,241
sim_time: 341042.0000
created: 1251
started: 18432
relayed: 18346
aborted: 86
dropped: 9196
removed: 9095
delivered: 1086
delivery_prob: 0.8681
response_prob: 0.0000
overhead_ratio: 15.8932
latency_avg: 13577.0635
latency_med: 5972.0000
hopcount_avg: 2.8610
hopcount_med: 3
copies_avg: 5.764188649080736
total_copies_avg: 14.796962430055956
buffertime_avg: 4494.1501
buffertime_med: 190.0000
custodiantime_avg: 69077.7311
rtt_avg: NaN
rtt_med: NaN
