Message stats for scenario FadBS10kMT120,121Seed1
sim_time: 341042.1000
created: 2501
started: 36990
relayed: 36990
aborted: 0
dropped: 31972
removed: 1568
delivered: 853
delivery_prob: 0.3411
response_prob: 0.0000
overhead_ratio: 42.3646
latency_avg: 98253.3592
latency_med: 86387.0000
hopcount_avg: 2.4584
hopcount_med: 2
copies_avg: 12.14594162335066
total_copies_avg: 15.449020391843263
buffertime_avg: 21743.6792
buffertime_med: 0.0000
custodiantime_avg: 303867.9171
rtt_avg: NaN
rtt_med: NaN
