Message stats for scenario FadBS100kMT600,601Seed4
sim_time: 341042.1000
created: 501
started: 5691
relayed: 5691
aborted: 0
dropped: 0
removed: 1218
delivered: 278
delivery_prob: 0.5549
response_prob: 0.0000
overhead_ratio: 19.4712
latency_avg: 124882.1763
latency_med: 118024.4000
hopcount_avg: 2.6439
hopcount_med: 2
copies_avg: 6.7764471057884235
total_copies_avg: 11.80439121756487
buffertime_avg: 30548.9129
buffertime_med: 6364.1000
custodiantime_avg: 133843.7982
rtt_avg: NaN
rtt_med: NaN
