Message stats for scenario FadBS10kMT120,121Seed3
sim_time: 341042.1000
created: 2501
started: 38504
relayed: 38504
aborted: 0
dropped: 32947
removed: 2041
delivered: 911
delivery_prob: 0.3643
response_prob: 0.0000
overhead_ratio: 41.2656
latency_avg: 91594.9284
latency_med: 78120.6000
hopcount_avg: 2.4544
hopcount_med: 2
copies_avg: 12.704918032786885
total_copies_avg: 16.031187524990003
buffertime_avg: 20314.7300
buffertime_med: 0.1000
custodiantime_avg: 295416.3650
rtt_avg: NaN
rtt_med: NaN
