Message stats for scenario FadBS10kMT600,601Seed5
sim_time: 341042.1000
created: 501
started: 5599
relayed: 5599
aborted: 0
dropped: 477
removed: 1369
delivered: 275
delivery_prob: 0.5489
response_prob: 0.0000
overhead_ratio: 19.3600
latency_avg: 118567.3145
latency_med: 99275.2000
hopcount_avg: 2.6655
hopcount_med: 2
copies_avg: 6.285429141716567
total_copies_avg: 11.626746506986027
buffertime_avg: 40941.8581
buffertime_med: 17093.2000
custodiantime_avg: 251091.9272
rtt_avg: NaN
rtt_med: NaN
