Message stats for scenario FadBS10kMT120,121Seed4
sim_time: 341042.1000
created: 2501
started: 35584
relayed: 35584
aborted: 0
dropped: 30253
removed: 1812
delivered: 909
delivery_prob: 0.3635
response_prob: 0.0000
overhead_ratio: 38.1463
latency_avg: 91358.3441
latency_med: 74077.6000
hopcount_avg: 2.4356
hopcount_med: 2
copies_avg: 11.551379448220711
total_copies_avg: 14.864454218312675
buffertime_avg: 23026.1789
buffertime_med: 0.1000
custodiantime_avg: 311270.8381
rtt_avg: NaN
rtt_med: NaN
