Message stats for scenario FadBS10kMT600,601Seed4
sim_time: 341042.1000
created: 501
started: 5892
relayed: 5892
aborted: 0
dropped: 906
removed: 1030
delivered: 313
delivery_prob: 0.6248
response_prob: 0.0000
overhead_ratio: 17.8243
latency_avg: 111868.6629
latency_med: 100210.9000
hopcount_avg: 2.5879
hopcount_med: 2
copies_avg: 6.790419161676646
total_copies_avg: 12.13572854291417
buffertime_avg: 47395.4404
buffertime_med: 26203.2000
custodiantime_avg: 254882.1464
rtt_avg: NaN
rtt_med: NaN
