Message stats for scenario FadBS10kMT360,361Seed2
sim_time: 341042.1000
created: 834
started: 9652
relayed: 9652
aborted: 0
dropped: 3699
removed: 1605
delivered: 461
delivery_prob: 0.5528
response_prob: 0.0000
overhead_ratio: 19.9371
latency_avg: 107605.2328
latency_med: 91451.7000
hopcount_avg: 2.6074
hopcount_med: 2
copies_avg: 7.097122302158273
total_copies_avg: 12.020383693045563
buffertime_avg: 47778.5411
buffertime_med: 27346.0000
custodiantime_avg: 382805.7130
rtt_avg: NaN
rtt_med: NaN
