Message stats for scenario FadBS10kMT120,121Seed2
sim_time: 341042.1000
created: 2501
started: 36007
relayed: 36007
aborted: 0
dropped: 30850
removed: 1615
delivered: 899
delivery_prob: 0.3595
response_prob: 0.0000
overhead_ratio: 39.0523
latency_avg: 94787.8383
latency_med: 81797.5000
hopcount_avg: 2.4572
hopcount_med: 2
copies_avg: 11.484606157536986
total_copies_avg: 15.037584966013595
buffertime_avg: 22247.7626
buffertime_med: 0.0000
custodiantime_avg: 301827.6687
rtt_avg: NaN
rtt_med: NaN
