Message stats for scenario FuzzySprayBS100kMT600,601Seed1
sim_time: 341042.1000
created: 501
started: 1484026
relayed: 1484025
aborted: 0
dropped: 0
removed: 1448811
delivered: 478
delivery_prob: 0.9541
response_prob: 0.0000
overhead_ratio: 3103.6548
latency_avg: 51439.6096
latency_med: 50001.3000
hopcount_avg: 5.0084
hopcount_med: 5
copies_avg: 38.95409181636727
total_copies_avg: 2962.1716566866266
buffertime_avg: 541.4737
buffertime_med: 0.2000
custodiantime_avg: 1641198.9619
rtt_avg: NaN
rtt_med: NaN
