Message stats for scenario FuzzySprayBS10kMT600,601Seed1
sim_time: 341042.1000
created: 501
started: 16915217
relayed: 16915209
aborted: 0
dropped: 16841201
removed: 69157
delivered: 327
delivery_prob: 0.6527
response_prob: 0.0000
overhead_ratio: 51727.4679
latency_avg: 58388.4942
latency_med: 51555.9000
hopcount_avg: 3.4924
hopcount_med: 3
copies_avg: 10041.91017964072
total_copies_avg: 33763.239520958086
buffertime_avg: 53.2242
buffertime_med: 0.0000
custodiantime_avg: 1836818.4529
rtt_avg: NaN
rtt_med: NaN
