Message stats for scenario FuzzySprayBS100kMT240,241Seed1
sim_time: 341042.1000
created: 1251
started: 8428292
relayed: 8428285
aborted: 0
dropped: 7798232
removed: 578648
delivered: 1100
delivery_prob: 0.8793
response_prob: 0.0000
overhead_ratio: 7661.0773
latency_avg: 60706.2624
latency_med: 56529.3000
hopcount_avg: 4.5564
hopcount_med: 4
copies_avg: 304.845723421263
total_copies_avg: 6737.358912869704
buffertime_avg: 574.3910
buffertime_med: 0.0000
custodiantime_avg: 4180368.4472
rtt_avg: NaN
rtt_med: NaN
