Message stats for scenario FuzzySprayBS100kMT120,121Seed1
sim_time: 341042.1000
created: 2501
started: 14497066
relayed: 14497057
aborted: 0
dropped: 13856266
removed: 590080
delivered: 1894
delivery_prob: 0.7573
response_prob: 0.0000
overhead_ratio: 7653.2012
latency_avg: 59699.9081
latency_med: 56113.0000
hopcount_avg: 3.9736
hopcount_med: 4
copies_avg: 1186.8376649340264
total_copies_avg: 5796.746901239504
buffertime_avg: 430.9325
buffertime_med: 0.0000
custodiantime_avg: 2567174.9824
rtt_avg: NaN
rtt_med: NaN
