Message stats for scenario RapidBS100kMT600,601Seed5
sim_time: 341042.1000
created: 501
started: 86856
relayed: 86856
aborted: 0
dropped: 0
removed: 81160
delivered: 433
delivery_prob: 0.8643
response_prob: 0.0000
overhead_ratio: 199.5912
latency_avg: 59515.8922
latency_med: 53542.5000
hopcount_avg: 3.9630
hopcount_med: 4
copies_avg: 30.622754491017965
total_copies_avg: 173.500998003992
buffertime_avg: 11799.2855
buffertime_med: 0.1000
custodiantime_avg: 2211616.6577
rtt_avg: NaN
rtt_med: NaN
