Message stats for scenario RapidBS100kMT360,361Seed2
sim_time: 341042.1000
created: 834
started: 71559
relayed: 71559
aborted: 0
dropped: 0
removed: 61078
delivered: 672
delivery_prob: 0.8058
response_prob: 0.0000
overhead_ratio: 105.4866
latency_avg: 72569.5854
latency_med: 63407.3000
hopcount_avg: 4.0253
hopcount_med: 4
copies_avg: 28.135491606714627
total_copies_avg: 85.99640287769785
buffertime_avg: 23876.5921
buffertime_med: 0.1000
custodiantime_avg: 2170140.6159
rtt_avg: NaN
rtt_med: NaN
