Message stats for scenario RapidBS100kMT600,601Seed4
sim_time: 341042.1000
created: 501
started: 36822
relayed: 36822
aborted: 0
dropped: 0
removed: 31519
delivered: 415
delivery_prob: 0.8283
response_prob: 0.0000
overhead_ratio: 87.7277
latency_avg: 67544.1133
latency_med: 60534.1000
hopcount_avg: 3.9301
hopcount_med: 4
copies_avg: 28.315369261477045
total_copies_avg: 73.6686626746507
buffertime_avg: 27003.1502
buffertime_med: 286.8000
custodiantime_avg: 2050872.9901
rtt_avg: NaN
rtt_med: NaN
