Message stats for scenario ScarBS100kMT240,241Seed1
sim_time: 341042.1000
created: 1251
started: 7257
relayed: 7257
aborted: 0
dropped: 0
removed: 5274
delivered: 626
delivery_prob: 0.5004
response_prob: 0.0000
overhead_ratio: 10.5927
latency_avg: 103364.4224
latency_med: 86536.1000
hopcount_avg: 2.3834
hopcount_med: 2
copies_avg: 3.4772182254196644
total_copies_avg: 3.618705035971223
buffertime_avg: 44709.5109
buffertime_med: 23060.3000
custodiantime_avg: 234624.8361
rtt_avg: NaN
rtt_med: NaN
