Message stats for scenario ScarBS10kMT360,361Seed1
sim_time: 341042.1000
created: 834
started: 4576
relayed: 4576
aborted: 0
dropped: 0
removed: 3316
delivered: 397
delivery_prob: 0.4760
response_prob: 0.0000
overhead_ratio: 10.5264
latency_avg: 104793.5766
latency_med: 90145.1000
hopcount_avg: 2.4131
hopcount_med: 2
copies_avg: 3.323741007194245
total_copies_avg: 3.4808153477218227
buffertime_avg: 42930.4116
buffertime_med: 24669.5000
custodiantime_avg: 221740.2569
rtt_avg: NaN
rtt_med: NaN
