Message stats for scenario ScarBS100kMT240,241Seed2
sim_time: 341042.1000
created: 1251
started: 6917
relayed: 6917
aborted: 0
dropped: 0
removed: 5082
delivered: 625
delivery_prob: 0.4996
response_prob: 0.0000
overhead_ratio: 10.0672
latency_avg: 97088.5374
latency_med: 78803.7000
hopcount_avg: 2.3856
hopcount_med: 2
copies_avg: 3.3804956035171863
total_copies_avg: 3.5331734612310153
buffertime_avg: 43686.5224
buffertime_med: 26330.5000
custodiantime_avg: 227009.1070
rtt_avg: NaN
rtt_med: NaN
