Message stats for scenario ScarBS100kMT600,601Seed5
sim_time: 341042.1000
created: 501
started: 2918
relayed: 2918
aborted: 0
dropped: 0
removed: 2202
delivered: 258
delivery_prob: 0.5150
response_prob: 0.0000
overhead_ratio: 10.3101
latency_avg: 104056.0194
latency_med: 89496.3000
hopcount_avg: 2.4225
hopcount_med: 2
copies_avg: 3.2674650698602794
total_copies_avg: 3.4291417165668663
buffertime_avg: 42543.0084
buffertime_med: 20460.1000
custodiantime_avg: 235969.0287
rtt_avg: NaN
rtt_med: NaN
