Message stats for scenario ScarBS100kMT120,121Seed5
sim_time: 341042.1000
created: 2501
started: 11651
relayed: 11651
aborted: 0
dropped: 0
removed: 7893
delivered: 1151
delivery_prob: 0.4602
response_prob: 0.0000
overhead_ratio: 9.1225
latency_avg: 101664.1008
latency_med: 90680.9000
hopcount_avg: 2.1920
hopcount_med: 2
copies_avg: 3.22391043582567
total_copies_avg: 3.378248700519792
buffertime_avg: 49817.3194
buffertime_med: 30430.4000
custodiantime_avg: 222277.0505
rtt_avg: NaN
rtt_med: NaN
