Message stats for scenario ScarBS10kMT360,361Seed3
sim_time: 341042.1000
created: 834
started: 5031
relayed: 5031
aborted: 0
dropped: 0
removed: 3719
delivered: 383
delivery_prob: 0.4592
response_prob: 0.0000
overhead_ratio: 12.1358
latency_avg: 97881.2823
latency_med: 79537.2000
hopcount_avg: 2.5117
hopcount_med: 2
copies_avg: 3.3908872901678655
total_copies_avg: 3.5407673860911273
buffertime_avg: 42028.2254
buffertime_med: 22745.0000
custodiantime_avg: 237182.0489
rtt_avg: NaN
rtt_med: NaN
