Message stats for scenario ScarBS100kMT360,361Seed4
sim_time: 341042.1000
created: 834
started: 4047
relayed: 4047
aborted: 0
dropped: 0
removed: 2815
delivered: 379
delivery_prob: 0.4544
response_prob: 0.0000
overhead_ratio: 9.6781
latency_avg: 104852.6591
latency_med: 92080.9000
hopcount_avg: 2.3034
hopcount_med: 2
copies_avg: 3.20863309352518
total_copies_avg: 3.407673860911271
buffertime_avg: 49075.5946
buffertime_med: 27822.3000
custodiantime_avg: 230246.3313
rtt_avg: NaN
rtt_med: NaN
