Message stats for scenario ScarBS10kMT600,601Seed5
sim_time: 341042.1000
created: 501
started: 3004
relayed: 3004
aborted: 0
dropped: 0
removed: 2229
delivered: 255
delivery_prob: 0.5090
response_prob: 0.0000
overhead_ratio: 10.7804
latency_avg: 99616.8169
latency_med: 86672.3000
hopcount_avg: 2.4118
hopcount_med: 2
copies_avg: 3.3612774451097804
total_copies_avg: 3.510978043912176
buffertime_avg: 42080.4138
buffertime_med: 22699.9000
custodiantime_avg: 228217.1348
rtt_avg: NaN
rtt_med: NaN
