Message stats for scenario ScarBS100kMT360,361Seed3
sim_time: 341042.1000
created: 834
started: 4618
relayed: 4618
aborted: 0
dropped: 0
removed: 3221
delivered: 366
delivery_prob: 0.4388
response_prob: 0.0000
overhead_ratio: 11.6175
latency_avg: 103680.0374
latency_med: 90014.9000
hopcount_avg: 2.3989
hopcount_med: 2
copies_avg: 3.4124700239808154
total_copies_avg: 3.564748201438849
buffertime_avg: 46633.4718
buffertime_med: 26031.8000
custodiantime_avg: 236173.6049
rtt_avg: NaN
rtt_med: NaN
