Message stats for scenario ScarBS10kMT600,601Seed1
sim_time: 341042.1000
created: 501
started: 2550
relayed: 2550
aborted: 0
dropped: 0
removed: 1814
delivered: 223
delivery_prob: 0.4451
response_prob: 0.0000
overhead_ratio: 10.4350
latency_avg: 104082.1529
latency_med: 84242.8000
hopcount_avg: 2.2287
hopcount_med: 2
copies_avg: 3.165668662674651
total_copies_avg: 3.349301397205589
buffertime_avg: 46292.2645
buffertime_med: 25163.4000
custodiantime_avg: 230698.2632
rtt_avg: NaN
rtt_med: NaN
