Message stats for scenario hopFadToFadSinkBS8kMT60,61
sim_time: 341042.0000
created: 5001
started: 93612
relayed: 93136
aborted: 473
dropped: 29274
removed: 62741
delivered: 4632
delivery_prob: 0.9262
response_prob: 0.0000
overhead_ratio: 19.1071
latency_avg: 18663.8610
latency_med: 11032.0000
hopcount_avg: 2.2146
hopcount_med: 2
copies_avg: 4.716091245376079
total_copies_avg: 14.411066584463626
buffertime_avg: 6102.4381
buffertime_med: 12.0000
custodiantime_avg: 47241.7836
rtt_avg: NaN
rtt_med: NaN
