Message stats for scenario FadBS10kMT240,241
sim_time: 341042.0000
created: 1251
started: 27047
relayed: 26915
aborted: 132
dropped: 9038
removed: 17261
delivered: 1159
delivery_prob: 0.9265
response_prob: 0.0000
overhead_ratio: 22.2226
latency_avg: 13193.5203
latency_med: 6271.0000
hopcount_avg: 2.9223
hopcount_med: 3
copies_avg: 6.026378896882494
total_copies_avg: 21.588329336530776
buffertime_avg: 10336.4947
buffertime_med: 820.0000
custodiantime_avg: 233338.6052
rtt_avg: NaN
rtt_med: NaN
