Message stats for scenario &HpFadToFadSinkBS4kMT60,61
sim_time: 341042.0000
created: 5001
started: 87243
relayed: 86697
aborted: 421
dropped: 30606
removed: 55102
delivered: 4438
delivery_prob: 0.8874
response_prob: 0.0000
overhead_ratio: 18.5352
latency_avg: 18679.9254
latency_med: 11029.0000
hopcount_avg: 2.2262
hopcount_med: 2
copies_avg: 4.966728054020872
total_copies_avg: 10.704849600982199
buffertime_avg: 3788.9282
buffertime_med: 5.0000
custodiantime_avg: 27109.2296
rtt_avg: NaN
rtt_med: NaN
