Message stats for scenario FadToFadSinkBS0.5kMT120,121
sim_time: 15973.0000
created: 133
started: 85
relayed: 80
aborted: 5
dropped: 0
removed: 45
delivered: 9
delivery_prob: 0.0677
response_prob: 0.0000
overhead_ratio: 7.8889
latency_avg: 2778.0000
latency_med: 2338.0000
hopcount_avg: 1.8889
hopcount_med: 2
copies_avg: 1.263157894736842
total_copies_avg: 1.5338345864661653
buffertime_avg: 136.5111
buffertime_med: 1.0000
custodiantime_avg: 558.4545
rtt_avg: NaN
rtt_med: NaN
