Message stats for scenario FadToFadSinkBS8kMT60,61
sim_time: 341042.0000
created: 5001
started: 416126
relayed: 414711
aborted: 1395
dropped: 239841
removed: 165352
delivered: 4471
delivery_prob: 0.8940
response_prob: 0.0000
overhead_ratio: 91.7558
latency_avg: 14753.3702
latency_med: 7366.0000
hopcount_avg: 3.4722
hopcount_med: 3
copies_avg: 16.698638247483718
total_copies_avg: 22.34942677216212
buffertime_avg: 1590.2317
buffertime_med: 78.0000
custodiantime_avg: 27854.1797
rtt_avg: NaN
rtt_med: NaN
