Message stats for scenario &FtFadToFadSinkBS2kMT10,30
sim_time: 341042.0000
created: 15347
started: 61088
relayed: 59796
aborted: 271
dropped: 30331
removed: 37516
delivered: 6611
delivery_prob: 0.4308
response_prob: 0.0000
overhead_ratio: 8.0449
latency_avg: 6152.9288
latency_med: 1085.0000
hopcount_avg: 2.1986
hopcount_med: 2
copies_avg: 2.672414581713397
total_copies_avg: 3.1346109865983625
buffertime_avg: 2911.7676
buffertime_med: 436.0000
custodiantime_avg: 8435.6588
rtt_avg: NaN
rtt_med: NaN
