Message stats for scenario ZFadToFadSinkBS1kMT60,61
sim_time: 341042.0000
created: 5001
started: 69977
relayed: 69085
aborted: 326
dropped: 26438
removed: 45063
delivered: 2286
delivery_prob: 0.4571
response_prob: 0.0000
overhead_ratio: 29.2209
latency_avg: 6061.3390
latency_med: 596.0000
hopcount_avg: 2.4549
hopcount_med: 2
copies_avg: 5.952549074989408
total_copies_avg: 10.139387092218612
buffertime_avg: 1354.5511
buffertime_med: 2.0000
custodiantime_avg: 11850.2091
rtt_avg: NaN
rtt_med: NaN
