Message stats for scenario FadBS0.5kMT120,121
sim_time: 341042.0000
created: 2501
started: 16660
relayed: 16560
aborted: 100
dropped: 10819
removed: 6802
delivered: 1351
delivery_prob: 0.5402
response_prob: 0.0000
overhead_ratio: 11.2576
latency_avg: 6807.3294
latency_med: 1110.0000
hopcount_avg: 2.6950
hopcount_med: 2
copies_avg: 3.7804878048780486
total_copies_avg: 7.081167532986806
buffertime_avg: 2201.5391
buffertime_med: 124.0000
custodiantime_avg: 15712.1592
rtt_avg: NaN
rtt_med: NaN
