Message stats for scenario FadBS10kMT600,601
sim_time: 341042.0000
created: 501
started: 56858
relayed: 56561
aborted: 297
dropped: 11053
removed: 40914
delivered: 424
delivery_prob: 0.8463
response_prob: 0.0000
overhead_ratio: 132.3986
latency_avg: 21476.9269
latency_med: 12062.0000
hopcount_avg: 3.2358
hopcount_med: 3
copies_avg: 7.966067864271457
total_copies_avg: 113.0499001996008
buffertime_avg: 8593.1851
buffertime_med: 3.0000
custodiantime_avg: 1053212.3774
rtt_avg: NaN
rtt_med: NaN
