Message stats for scenario FadBS10kMT360,361
sim_time: 341042.0000
created: 834
started: 98671
relayed: 98194
aborted: 477
dropped: 37465
removed: 55842
delivered: 702
delivery_prob: 0.8417
response_prob: 0.0000
overhead_ratio: 138.8775
latency_avg: 21794.6595
latency_med: 12428.0000
hopcount_avg: 3.1353
hopcount_med: 3
copies_avg: 7.9844124700239805
total_copies_avg: 117.8968824940048
buffertime_avg: 7238.0640
buffertime_med: 12.0000
custodiantime_avg: 957960.3362
rtt_avg: NaN
rtt_med: NaN
