Message stats for scenario FadBS100kMT360,361
sim_time: 341042.0000
created: 834
started: 83038
relayed: 82593
aborted: 445
dropped: 0
removed: 71411
delivered: 705
delivery_prob: 0.8453
response_prob: 0.0000
overhead_ratio: 116.1532
latency_avg: 21851.9603
latency_med: 12428.0000
hopcount_avg: 3.1631
hopcount_med: 3
copies_avg: 7.629496402877698
total_copies_avg: 99.18705035971223
buffertime_avg: 7151.2146
buffertime_med: 2.0000
custodiantime_avg: 724362.2468
rtt_avg: NaN
rtt_med: NaN
