Message stats for scenario FuzzySprayBS100kMT240,241
sim_time: 341042.0000
created: 1251
started: 2956388
relayed: 2949937
aborted: 6451
dropped: 998753
removed: 1899933
delivered: 1057
delivery_prob: 0.8449
response_prob: 0.0000
overhead_ratio: 2789.8581
latency_avg: 18895.3548
latency_med: 11088.0000
hopcount_avg: 4.2658
hopcount_med: 4
copies_avg: 65.5955235811351
total_copies_avg: 2358.218225419664
buffertime_avg: 2231.0552
buffertime_med: 3.0000
custodiantime_avg: 6004761.6992
rtt_avg: NaN
rtt_med: NaN
