Message stats for scenario FuzzySprayBS100kMT120,121
sim_time: 341042.0000
created: 2501
started: 3462111
relayed: 3455422
aborted: 6689
dropped: 2030111
removed: 1374462
delivered: 1954
delivery_prob: 0.7813
response_prob: 0.0000
overhead_ratio: 1767.3838
latency_avg: 20886.3173
latency_med: 11971.0000
hopcount_avg: 3.8403
hopcount_med: 4
copies_avg: 185.8544582167133
total_copies_avg: 1381.8348660535785
buffertime_avg: 2299.6161
buffertime_med: 1.0000
custodiantime_avg: 3436879.2226
rtt_avg: NaN
rtt_med: NaN
