Message stats for scenario FuzzySprayBS100kMT360,361
sim_time: 341042.0000
created: 834
started: 2585345
relayed: 2579145
aborted: 6200
dropped: 181288
removed: 2349362
delivered: 702
delivery_prob: 0.8417
response_prob: 0.0000
overhead_ratio: 3672.9957
latency_avg: 17564.2764
latency_med: 8956.0000
hopcount_avg: 4.5171
hopcount_med: 4
copies_avg: 43.94964028776978
total_copies_avg: 3092.6582733812947
buffertime_avg: 1531.7191
buffertime_med: 4.0000
custodiantime_avg: 5498219.8482
rtt_avg: NaN
rtt_med: NaN
