Message stats for scenario MaxPropBS100kMT600,601
sim_time: 341042.0000
created: 501
started: 578548
relayed: 574751
aborted: 3797
dropped: 0
removed: 571943
delivered: 430
delivery_prob: 0.8583
response_prob: 0.0000
overhead_ratio: 1335.6302
latency_avg: 16934.8605
latency_med: 8074.0000
hopcount_avg: 4.6977
hopcount_med: 4
copies_avg: 35.26946107784431
total_copies_avg: 1147.3493013972056
buffertime_avg: 456.5060
buffertime_med: 1.0000
custodiantime_avg: 607198.6953
rtt_avg: NaN
rtt_med: NaN
