Message stats for scenario MaxPropBS100kMT360,361
sim_time: 341042.0000
created: 834
started: 810461
relayed: 806161
aborted: 4300
dropped: 0
removed: 801897
delivered: 706
delivery_prob: 0.8465
response_prob: 0.0000
overhead_ratio: 1140.8711
latency_avg: 17048.2266
latency_med: 8684.0000
hopcount_avg: 4.7125
hopcount_med: 4
copies_avg: 33.68225419664269
total_copies_avg: 966.773381294964
buffertime_avg: 500.5480
buffertime_med: 1.0000
custodiantime_avg: 568538.1331
rtt_avg: NaN
rtt_med: NaN
