Message stats for scenario MaxPropBS10kMT600,601
sim_time: 341042.0000
created: 501
started: 569538
relayed: 565792
aborted: 3746
dropped: 0
removed: 563000
delivered: 430
delivery_prob: 0.8583
response_prob: 0.0000
overhead_ratio: 1314.7953
latency_avg: 16927.2047
latency_med: 8074.0000
hopcount_avg: 4.7488
hopcount_med: 4
copies_avg: 34.93213572854292
total_copies_avg: 1129.4670658682635
buffertime_avg: 462.6485
buffertime_med: 1.0000
custodiantime_avg: 605746.7093
rtt_avg: NaN
rtt_med: NaN
