Message stats for scenario RapidBS100kMT600,601
sim_time: 341042.0000
created: 501
started: 1234004
relayed: 1229249
aborted: 4755
dropped: 0
removed: 1226638
delivered: 429
delivery_prob: 0.8563
response_prob: 0.0000
overhead_ratio: 2864.3823
latency_avg: 17505.6993
latency_med: 8707.0000
hopcount_avg: 4.5152
hopcount_med: 4
copies_avg: 33.0998003992016
total_copies_avg: 2453.734530938124
buffertime_avg: 225.2147
buffertime_med: 24.0000
custodiantime_avg: 643955.3613
rtt_avg: NaN
rtt_med: NaN
