Message stats for scenario ScarBS100kMT240,241
sim_time: 341042.0000
created: 1251
started: 45524
relayed: 45445
aborted: 79
dropped: 0
removed: 45081
delivered: 1062
delivery_prob: 0.8489
response_prob: 0.0000
overhead_ratio: 41.7919
latency_avg: 21926.6026
latency_med: 12598.0000
hopcount_avg: 6.9143
hopcount_med: 4
copies_avg: 3.323741007194245
total_copies_avg: 4.102318145483613
buffertime_avg: 2228.1307
buffertime_med: 497.0000
custodiantime_avg: 87420.6806
rtt_avg: NaN
rtt_med: NaN
