Message stats for scenario ScarBS100kMT120,121
sim_time: 341042.0000
created: 2501
started: 84419
relayed: 84255
aborted: 164
dropped: 0
removed: 83492
delivered: 2128
delivery_prob: 0.8509
response_prob: 0.0000
overhead_ratio: 38.5935
latency_avg: 21694.4276
latency_med: 12748.0000
hopcount_avg: 6.4027
hopcount_med: 4
copies_avg: 3.2938824470211916
total_copies_avg: 4.111555377848861
buffertime_avg: 2347.0490
buffertime_med: 498.0000
custodiantime_avg: 84941.4023
rtt_avg: NaN
rtt_med: NaN
