Message stats for scenario SprayAndWaitBS10kMT360,361
sim_time: 341042.0000
created: 834
started: 2860
relayed: 2855
aborted: 5
dropped: 0
removed: 1910
delivered: 658
delivery_prob: 0.7890
response_prob: 0.0000
overhead_ratio: 3.3389
latency_avg: 31943.9742
latency_med: 17660.0000
hopcount_avg: 1.9939
hopcount_med: 2
copies_avg: 3.4928057553956835
total_copies_avg: 3.6342925659472423
buffertime_avg: 39175.5021
buffertime_med: 20044.0000
custodiantime_avg: 113716.1231
rtt_avg: NaN
rtt_med: NaN
