Message stats for scenario SprayAndWaitBS100kMT240,241
sim_time: 341042.0000
created: 1251
started: 4356
relayed: 4347
aborted: 9
dropped: 0
removed: 3002
delivered: 993
delivery_prob: 0.7938
response_prob: 0.0000
overhead_ratio: 3.3776
latency_avg: 30403.7271
latency_med: 16978.0000
hopcount_avg: 2.0453
hopcount_med: 2
copies_avg: 3.5291766586730615
total_copies_avg: 3.6810551558753
buffertime_avg: 37762.1213
buffertime_med: 18914.0000
custodiantime_avg: 114161.0151
rtt_avg: NaN
rtt_med: NaN
