Message stats for scenario &FtFadToFadSinkBS2kMT60,61
sim_time: 341042.0000
created: 5001
started: 95958
relayed: 95431
aborted: 438
dropped: 53174
removed: 42324
delivered: 3806
delivery_prob: 0.7610
response_prob: 0.0000
overhead_ratio: 24.0738
latency_avg: 11553.8957
latency_med: 4488.0000
hopcount_avg: 2.8967
hopcount_med: 3
copies_avg: 6.346917340615482
total_copies_avg: 10.147568532717152
buffertime_avg: 1916.5389
buffertime_med: 78.0000
custodiantime_avg: 15731.9608
rtt_avg: NaN
rtt_med: NaN
