Message stats for scenario ZFadToSinkBS8kMT60,61
sim_time: 341042.0000
created: 5001
started: 117582
relayed: 117060
aborted: 522
dropped: 58612
removed: 57669
delivered: 4515
delivery_prob: 0.9028
response_prob: 0.0000
overhead_ratio: 24.9269
latency_avg: 14988.5475
latency_med: 7667.0000
hopcount_avg: 2.8833
hopcount_med: 3
copies_avg: 6.43631273745251
total_copies_avg: 23.504499100179963
buffertime_avg: 5032.6883
buffertime_med: 639.0000
custodiantime_avg: 125338.6215
rtt_avg: NaN
rtt_med: NaN
