Message stats for scenario FadBS1kTS25k
sim_time: 341042.0000
created: 2502
started: 22222
relayed: 22079
aborted: 143
dropped: 20951
removed: 2520
delivered: 776
delivery_prob: 0.3102
response_prob: 0.0000
overhead_ratio: 27.4523
latency_avg: 14676.8621
latency_med: 7089.0000
hopcount_avg: 2.7204
hopcount_med: 2
copies_avg: 7.498001598721023
total_copies_avg: 9.514388489208633
buffertime_avg: 5868.5485
buffertime_med: 314.0000
custodiantime_avg: 56567.0238
rtt_avg: NaN
rtt_med: NaN
