Message stats for scenario FadBS50kTS25k
sim_time: 341042.0000
created: 2502
started: 169827
relayed: 169014
aborted: 813
dropped: 28554
removed: 137582
delivered: 2064
delivery_prob: 0.8249
response_prob: 0.0000
overhead_ratio: 80.8866
latency_avg: 18099.7752
latency_med: 11416.0000
hopcount_avg: 3.2117
hopcount_med: 3
copies_avg: 7.201438848920863
total_copies_avg: 67.72661870503597
buffertime_avg: 10441.7151
buffertime_med: 6.0000
custodiantime_avg: 745806.0129
rtt_avg: NaN
rtt_med: NaN
