Message stats for scenario ScarBS100kTS25k
sim_time: 341042.0000
created: 2502
started: 73925
relayed: 73773
aborted: 152
dropped: 907
removed: 72774
delivered: 2063
delivery_prob: 0.8245
response_prob: 0.0000
overhead_ratio: 34.7601
latency_avg: 18585.2782
latency_med: 11806.0000
hopcount_avg: 5.6539
hopcount_med: 3
copies_avg: 3.2653876898481213
total_copies_avg: 4.0603517186251
buffertime_avg: 2479.5248
buffertime_med: 497.0000
custodiantime_avg: 75680.9718
rtt_avg: NaN
rtt_med: NaN
