Message stats for scenario SprayAndWaitBS1kTS25k
sim_time: 341042.0000
created: 2502
started: 7420
relayed: 7388
aborted: 32
dropped: 6210
removed: 2214
delivered: 1139
delivery_prob: 0.4552
response_prob: 0.0000
overhead_ratio: 5.4864
latency_avg: 12494.6400
latency_med: 5956.0000
hopcount_avg: 2.0474
hopcount_med: 2
copies_avg: 3.4256594724220624
total_copies_avg: 3.497601918465228
buffertime_avg: 15068.0812
buffertime_med: 9975.0000
custodiantime_avg: 52451.8661
rtt_avg: NaN
rtt_med: NaN
