Message stats for scenario &FtFadToFadSinkBS0.6kMT30,90
sim_time: 341042.0000
created: 5048
started: 75456
relayed: 75101
aborted: 352
dropped: 39014
removed: 38344
delivered: 2569
delivery_prob: 0.5089
response_prob: 0.0000
overhead_ratio: 28.2336
latency_avg: 5590.4901
latency_med: 785.0000
hopcount_avg: 2.8396
hopcount_med: 3
copies_avg: 5.203001250521051
total_copies_avg: 10.779491454772822
buffertime_avg: 785.3046
buffertime_med: 2.0000
custodiantime_avg: 7245.0316
rtt_avg: NaN
rtt_med: NaN
