Message stats for scenario &FtFadToFadSinkBS0.6kMT60,61
sim_time: 341042.0000
created: 5001
started: 75937
relayed: 75491
aborted: 348
dropped: 39282
removed: 38454
delivered: 2532
delivery_prob: 0.5063
response_prob: 0.0000
overhead_ratio: 28.8148
latency_avg: 5488.1311
latency_med: 700.0000
hopcount_avg: 2.7934
hopcount_med: 2
copies_avg: 5.475186766275347
total_copies_avg: 10.398345784418357
buffertime_avg: 786.1433
buffertime_med: 2.0000
custodiantime_avg: 7011.4312
rtt_avg: NaN
rtt_med: NaN
