Message stats for scenario FtFadToFadSinkBS0.6kMT60,61
sim_time: 341042.0000
created: 5001
started: 74661
relayed: 74326
aborted: 335
dropped: 37582
removed: 39006
delivered: 2584
delivery_prob: 0.5167
response_prob: 0.0000
overhead_ratio: 27.7639
latency_avg: 5582.3409
latency_med: 713.0000
hopcount_avg: 2.8305
hopcount_med: 3
copies_avg: 3.7256548690261946
total_copies_avg: 15.345530893821236
buffertime_avg: 796.8339
buffertime_med: 2.0000
custodiantime_avg: 12323.8920
rtt_avg: NaN
rtt_med: NaN
