Message stats for scenario FadBS100kTS25k
sim_time: 341042.0000
created: 2502
started: 250861
relayed: 249898
aborted: 963
dropped: 6218
removed: 207059
delivered: 2133
delivery_prob: 0.8525
response_prob: 0.0000
overhead_ratio: 116.1580
latency_avg: 20616.4730
latency_med: 12387.0000
hopcount_avg: 3.2616
hopcount_med: 3
copies_avg: 7.625899280575539
total_copies_avg: 100.02677857713829
buffertime_avg: 9499.4524
buffertime_med: 9.0000
custodiantime_avg: 949397.7043
rtt_avg: NaN
rtt_med: NaN
