Message stats for scenario FadBS10kTS25k
sim_time: 341042.0000
created: 2502
started: 145480
relayed: 144794
aborted: 686
dropped: 97928
removed: 42239
delivered: 1962
delivery_prob: 0.7842
response_prob: 0.0000
overhead_ratio: 72.7992
latency_avg: 22558.0341
latency_med: 13110.0000
hopcount_avg: 3.2151
hopcount_med: 3
copies_avg: 10.383293365307754
total_copies_avg: 58.08713029576339
buffertime_avg: 6958.5343
buffertime_med: 120.0000
custodiantime_avg: 438362.6427
rtt_avg: NaN
rtt_med: NaN
