Message stats for scenario FuzzySprayBS100kTS25k
sim_time: 341042.0000
created: 2502
started: 3506011
relayed: 3499283
aborted: 6728
dropped: 2101666
removed: 1346779
delivered: 1972
delivery_prob: 0.7882
response_prob: 0.0000
overhead_ratio: 1773.4843
latency_avg: 20154.2363
latency_med: 11473.0000
hopcount_avg: 3.7074
hopcount_med: 3
copies_avg: 201.2933653077538
total_copies_avg: 1398.8057553956835
buffertime_avg: 2248.7003
buffertime_med: 1.0000
custodiantime_avg: 3402597.3673
rtt_avg: NaN
rtt_med: NaN
