Message stats for scenario FuzzySprayBS50kTS25k
sim_time: 341042.0000
created: 2502
started: 3683804
relayed: 3677001
aborted: 6803
dropped: 2844397
removed: 807494
delivered: 1868
delivery_prob: 0.7466
response_prob: 0.0000
overhead_ratio: 1967.4160
latency_avg: 20728.1317
latency_med: 11143.0000
hopcount_avg: 3.5819
hopcount_med: 3
copies_avg: 208.23820943245403
total_copies_avg: 1469.8780975219825
buffertime_avg: 1460.8425
buffertime_med: 0.0000
custodiantime_avg: 2350148.7441
rtt_avg: NaN
rtt_med: NaN
