Message stats for scenario RapidBS1kTS25k
sim_time: 341042.0000
created: 2502
started: 1560636
relayed: 1555854
aborted: 4782
dropped: 1370049
removed: 187286
delivered: 382
delivery_prob: 0.1527
response_prob: 0.0000
overhead_ratio: 4071.9162
latency_avg: 14255.2749
latency_med: 6484.0000
hopcount_avg: 59.8089
hopcount_med: 9
copies_avg: 383.96043165467626
total_copies_avg: 622.691446842526
buffertime_avg: 95.0280
buffertime_med: 14.0000
custodiantime_avg: 61330.4679
rtt_avg: NaN
rtt_med: NaN
