Message stats for scenario ScarBS10kTS25k
sim_time: 341042.0000
created: 2502
started: 62937
relayed: 62794
aborted: 143
dropped: 1614
removed: 61035
delivered: 2124
delivery_prob: 0.8489
response_prob: 0.0000
overhead_ratio: 28.5640
latency_avg: 22031.3371
latency_med: 12772.0000
hopcount_avg: 6.9477
hopcount_med: 4
copies_avg: 3.300159872102318
total_copies_avg: 4.097122302158273
buffertime_avg: 2421.1922
buffertime_med: 449.0000
custodiantime_avg: 65607.8157
rtt_avg: NaN
rtt_med: NaN
