Message stats for scenario ScarBS1kTS25k
sim_time: 341042.0000
created: 2502
started: 8145
relayed: 8105
aborted: 40
dropped: 1013
removed: 7046
delivered: 613
delivery_prob: 0.2450
response_prob: 0.0000
overhead_ratio: 12.2219
latency_avg: 13303.9772
latency_med: 7531.0000
hopcount_avg: 3.8271
hopcount_med: 3
copies_avg: 1.674660271782574
total_copies_avg: 1.9272581934452437
buffertime_avg: 2854.0133
buffertime_med: 200.0000
custodiantime_avg: 26713.6969
rtt_avg: NaN
rtt_med: NaN
