Message stats for scenario SprayAndWaitBS50kTS25k
sim_time: 341042.0000
created: 2502
started: 8766
relayed: 8733
aborted: 33
dropped: 0
removed: 6019
delivered: 2013
delivery_prob: 0.8046
response_prob: 0.0000
overhead_ratio: 3.3383
latency_avg: 29985.9165
latency_med: 17799.0000
hopcount_avg: 2.0626
hopcount_med: 2
copies_avg: 3.535171862509992
total_copies_avg: 3.6858513189448443
buffertime_avg: 37942.2582
buffertime_med: 19859.0000
custodiantime_avg: 113449.8023
rtt_avg: NaN
rtt_med: NaN
