Message stats for scenario FadToFadSinkBS4kMT10,11
sim_time: 341042.0000
created: 30001
started: 160756
relayed: 158856
aborted: 644
dropped: 113920
removed: 58894
delivered: 14463
delivery_prob: 0.4821
response_prob: 0.0000
overhead_ratio: 9.9836
latency_avg: 6568.6250
latency_med: 1046.0000
hopcount_avg: 2.4785
hopcount_med: 2
copies_avg: 3.2494003120706116
total_copies_avg: 4.0601783926034605
buffertime_avg: 2349.9958
buffertime_med: 393.0000
custodiantime_avg: 8048.0407
rtt_avg: NaN
rtt_med: NaN
