Message stats for scenario FtFadToFadSinkBS2kMT30,90
sim_time: 341042.0000
created: 5048
started: 94215
relayed: 93788
aborted: 427
dropped: 52367
removed: 42284
delivered: 3781
delivery_prob: 0.7490
response_prob: 0.0000
overhead_ratio: 23.8051
latency_avg: 11391.9677
latency_med: 4190.0000
hopcount_avg: 2.9053
hopcount_med: 3
copies_avg: 5.556061806656102
total_copies_avg: 18.830229793977814
buffertime_avg: 1927.3793
buffertime_med: 120.0000
custodiantime_avg: 37336.9589
rtt_avg: NaN
rtt_med: NaN
