Message stats for scenario FadToFadSinkBS4kMT30,31
sim_time: 341042.0000
created: 10001
started: 132305
relayed: 131301
aborted: 571
dropped: 80191
removed: 51893
delivered: 7423
delivery_prob: 0.7422
response_prob: 0.0000
overhead_ratio: 16.6884
latency_avg: 12104.6399
latency_med: 4866.0000
hopcount_avg: 2.7851
hopcount_med: 2
copies_avg: 5.104885133350938
total_copies_avg: 7.0691840506997625
buffertime_avg: 2787.3833
buffertime_med: 309.0000
custodiantime_avg: 15793.0995
rtt_avg: NaN
rtt_med: NaN
