Message stats for scenario FadToFadSinkBS8kMT120,121
sim_time: 83180.0000
created: 693
started: 135068
relayed: 134404
aborted: 658
dropped: 90013
removed: 40162
delivered: 621
delivery_prob: 0.8961
response_prob: 0.0000
overhead_ratio: 215.4316
latency_avg: 12444.5684
latency_med: 6974.0000
hopcount_avg: 4.2641
hopcount_med: 4
copies_avg: 26.179171597633136
total_copies_avg: 31.826745562130178
buffertime_avg: 933.5330
buffertime_med: 95.0000
custodiantime_avg: 23656.3471
rtt_avg: NaN
rtt_med: NaN
