Message stats for scenario FadBS21kTS256k
sim_time: 341042.0000
created: 928
started: 9794
relayed: 9721
aborted: 73
dropped: 5229
removed: 5526
delivered: 768
delivery_prob: 0.8276
response_prob: 0.0000
overhead_ratio: 11.6576
latency_avg: 3184.0794
latency_med: 249.0000
hopcount_avg: 3.9036
hopcount_med: 4
copies_avg: 4.414870689655173
total_copies_avg: 10.643318965517242
buffertime_avg: 10456.4808
buffertime_med: 109.0000
custodiantime_avg: 121184.7532
rtt_avg: NaN
rtt_med: NaN
