Message stats for scenario FuzzySprayBS101kTS256k
sim_time: 341042.0000
created: 928
started: 1587241
relayed: 1582911
aborted: 4330
dropped: 1055043
removed: 528564
delivered: 188
delivery_prob: 0.2026
response_prob: 0.0000
overhead_ratio: 8418.7394
latency_avg: 2542.2766
latency_med: 142.0000
hopcount_avg: 4.3085
hopcount_med: 3
copies_avg: 27.810344827586206
total_copies_avg: 1706.520474137931
buffertime_avg: 192.7937
buffertime_med: 8.0000
custodiantime_avg: 328997.3147
rtt_avg: NaN
rtt_med: NaN
