Message stats for scenario RapidBS21kTS256k
sim_time: 341042.0000
created: 928
started: 880314
relayed: 876510
aborted: 3804
dropped: 535653
removed: 342254
delivered: 343
delivery_prob: 0.3696
response_prob: 0.0000
overhead_ratio: 2554.4227
latency_avg: 3400.2362
latency_med: 199.0000
hopcount_avg: 13.4752
hopcount_med: 4
copies_avg: 133.34913793103448
total_copies_avg: 945.145474137931
buffertime_avg: 123.8721
buffertime_med: 2.0000
custodiantime_avg: 117185.5625
rtt_avg: NaN
rtt_med: NaN
