Message stats for scenario RapidBS501kTS256k
sim_time: 341042.0000
created: 928
started: 868452
relayed: 864989
aborted: 3463
dropped: 0
removed: 865858
delivered: 895
delivery_prob: 0.9644
response_prob: 0.0000
overhead_ratio: 965.4682
latency_avg: 6725.1832
latency_med: 360.0000
hopcount_avg: 4.6492
hopcount_med: 4
copies_avg: 14.129310344827585
total_copies_avg: 932.135775862069
buffertime_avg: 208.6249
buffertime_med: 11.0000
custodiantime_avg: 194654.6573
rtt_avg: NaN
rtt_med: NaN
