Message stats for scenario ScarBS101kTS256k
sim_time: 341042.0000
created: 928
started: 8624
relayed: 8574
aborted: 50
dropped: 151
removed: 9349
delivered: 926
delivery_prob: 0.9978
response_prob: 0.0000
overhead_ratio: 8.2592
latency_avg: 4282.5475
latency_med: 386.0000
hopcount_avg: 4.1091
hopcount_med: 4
copies_avg: 2.757543103448276
total_copies_avg: 4.193965517241379
buffertime_avg: 10653.8749
buffertime_med: 10.0000
custodiantime_avg: 109064.4526
rtt_avg: NaN
rtt_med: NaN
