Message stats for scenario SprayAndWaitBS21kTS256k
sim_time: 341042.0000
created: 928
started: 2954
relayed: 2896
aborted: 58
dropped: 2067
removed: 2046
delivered: 597
delivery_prob: 0.6433
response_prob: 0.0000
overhead_ratio: 3.8509
latency_avg: 10192.8476
latency_med: 653.0000
hopcount_avg: 3.0821
hopcount_med: 3
copies_avg: 3.3599137931034484
total_copies_avg: 3.4773706896551726
buffertime_avg: 27438.6990
buffertime_med: 4345.0000
custodiantime_avg: 121611.3890
rtt_avg: NaN
rtt_med: NaN
