Message stats for scenario FadToFadSinkBS8kMT120,121
sim_time: 341042.0000
created: 2501
started: 363202
relayed: 361923
aborted: 1276
dropped: 194567
removed: 159139
delivered: 2300
delivery_prob: 0.9196
response_prob: 0.0000
overhead_ratio: 156.3578
latency_avg: 13762.1770
latency_med: 7247.0000
hopcount_avg: 3.4513
hopcount_med: 3
copies_avg: 23.91744710371141
total_copies_avg: 31.400971210544572
buffertime_avg: 1635.6449
buffertime_med: 62.0000
custodiantime_avg: 40067.6935
rtt_avg: NaN
rtt_med: NaN
