Message stats for scenario &HpFadToFadSinkBS2kMT60,61
sim_time: 341042.0000
created: 5001
started: 79978
relayed: 79547
aborted: 371
dropped: 30823
removed: 49112
delivered: 3680
delivery_prob: 0.7359
response_prob: 0.0000
overhead_ratio: 20.6160
latency_avg: 15458.9484
latency_med: 6670.0000
hopcount_avg: 2.2848
hopcount_med: 2
copies_avg: 4.903523489932886
total_copies_avg: 11.300475391498882
buffertime_avg: 2257.8722
buffertime_med: 3.0000
custodiantime_avg: 17996.1126
rtt_avg: NaN
rtt_med: NaN
