Message stats for scenario FadToFadSinkBS8kMT60,62
sim_time: 341042.0000
created: 4960
started: 632410
relayed: 630369
aborted: 2019
dropped: 449637
removed: 167527
delivered: 4246
delivery_prob: 0.8560
response_prob: 0.0000
overhead_ratio: 147.4618
latency_avg: 14032.9614
latency_med: 6436.0000
hopcount_avg: 3.5593
hopcount_med: 3
copies_avg: 25.02991927346115
total_copies_avg: 31.84031281533804
buffertime_avg: 1130.2385
buffertime_med: 17.0000
custodiantime_avg: 28249.7383
rtt_avg: NaN
rtt_med: NaN
