Message stats for scenario &FtFadToFadSinkBS1kMT60,61
sim_time: 341042.0000
created: 5001
started: 85074
relayed: 84372
aborted: 374
dropped: 45948
removed: 39778
delivered: 2921
delivery_prob: 0.5841
response_prob: 0.0000
overhead_ratio: 27.8846
latency_avg: 7778.2550
latency_med: 1476.0000
hopcount_avg: 2.8052
hopcount_med: 2
copies_avg: 6.585189372526852
total_copies_avg: 9.77207461842849
buffertime_avg: 1146.7199
buffertime_med: 7.0000
custodiantime_avg: 9268.6888
rtt_avg: NaN
rtt_med: NaN
