Message stats for scenario FtFadToFadSinkBS4kMT60,61
sim_time: 341042.0000
created: 5001
started: 106469
relayed: 106003
aborted: 466
dropped: 57246
removed: 48680
delivered: 4331
delivery_prob: 0.8660
response_prob: 0.0000
overhead_ratio: 23.4754
latency_avg: 13918.5373
latency_med: 6615.0000
hopcount_avg: 2.9317
hopcount_med: 3
copies_avg: 6.134773045390922
total_copies_avg: 21.330333933213357
buffertime_avg: 3097.4824
buffertime_med: 296.0000
custodiantime_avg: 69249.4546
rtt_avg: NaN
rtt_med: NaN
