Message stats for scenario FadToFadSinkBS4kMT60,62
sim_time: 341042.0000
created: 4960
started: 373311
relayed: 371951
aborted: 1326
dropped: 214631
removed: 148806
delivered: 4051
delivery_prob: 0.8167
response_prob: 0.0000
overhead_ratio: 90.8171
latency_avg: 13298.0099
latency_med: 5637.0000
hopcount_avg: 3.4169
hopcount_med: 3
copies_avg: 17.34632530887785
total_copies_avg: 23.745191695325435
buffertime_avg: 976.6726
buffertime_med: 29.0000
custodiantime_avg: 18791.8352
rtt_avg: NaN
rtt_med: NaN
