Message stats for scenario ZFadToFadSinkBS8kMT60,61
sim_time: 341042.0000
created: 5001
started: 92876
relayed: 91615
aborted: 457
dropped: 27992
removed: 62421
delivered: 3888
delivery_prob: 0.7774
response_prob: 0.0000
overhead_ratio: 22.5635
latency_avg: 18096.0458
latency_med: 8658.0000
hopcount_avg: 2.2631
hopcount_med: 2
copies_avg: 6.631041890440387
total_copies_avg: 9.955746509129968
buffertime_avg: 6117.1540
buffertime_med: 9.0000
custodiantime_avg: 46441.3676
rtt_avg: NaN
rtt_med: NaN
