Message stats for scenario FadToSinkBS8kMT120,121
sim_time: 341042.0000
created: 2501
started: 101668
relayed: 101188
aborted: 480
dropped: 46816
removed: 53403
delivered: 2303
delivery_prob: 0.9208
response_prob: 0.0000
overhead_ratio: 42.9375
latency_avg: 14123.4915
latency_med: 7400.0000
hopcount_avg: 3.0043
hopcount_med: 3
copies_avg: 7.060375849660136
total_copies_avg: 40.538184726109556
buffertime_avg: 5232.2686
buffertime_med: 555.0000
custodiantime_avg: 224570.7606
rtt_avg: NaN
rtt_med: NaN
