Message stats for scenario FadToSinkBS8kMT120,121
sim_time: 341042.0000
created: 2501
started: 333726
relayed: 332519
aborted: 1207
dropped: 164043
removed: 167397
delivered: 2273
delivery_prob: 0.9088
response_prob: 0.0000
overhead_ratio: 145.2908
latency_avg: 13437.2648
latency_med: 7008.0000
hopcount_avg: 3.3740
hopcount_med: 3
copies_avg: 7.932826869252299
total_copies_avg: 133.04558176729307
buffertime_avg: 1745.2552
buffertime_med: 54.0000
custodiantime_avg: 247729.0762
rtt_avg: NaN
rtt_med: NaN
