Message stats for scenario HpFadToFadSinkBS2kMT60,61
sim_time: 341042.0000
created: 5001
started: 75901
relayed: 75534
aborted: 367
dropped: 26130
removed: 50262
delivered: 3673
delivery_prob: 0.7345
response_prob: 0.0000
overhead_ratio: 19.5647
latency_avg: 15205.1045
latency_med: 6667.0000
hopcount_avg: 2.3150
hopcount_med: 2
copies_avg: 4.28374325134973
total_copies_avg: 15.369326134773045
buffertime_avg: 2354.1825
buffertime_med: 4.0000
custodiantime_avg: 37164.8498
rtt_avg: NaN
rtt_med: NaN
